RainIntensity: 0.9021739
PlacedObjects: CustomDecal><228.4108><261.881><4~124~117~117~119~-3~191~-2~0~1~0~CGTreeBox~0.8804348~0~0.8804348~0~0.8804348~0~0.8804348~0, CGShelterRain><204.6257><444.723><, 
FadePalette: 18, 0.1847826
